 start for rank 0
  350.00  100.00  100.00  100.00  100.00  100.00
  350.00    8.00   14.00   20.00   26.00   32.00
  350.00    9.00   15.00   21.00   27.00   33.00
  350.00   10.00   16.00   22.00   28.00   34.00
  350.00   11.00   17.00   23.00   29.00   35.00
  350.00   12.00   18.00   24.00   30.00   36.00
 start for rank           2
  100.00  100.00  100.00  100.00  100.00  350.00
    6.00   24.00   42.00   60.00   78.00  350.00
    9.00   27.00   45.00   63.00   81.00  350.00
   12.00   30.00   48.00   66.00   84.00  350.00
   15.00   33.00   51.00   69.00   87.00  350.00
   18.00   36.00   54.00   72.00   90.00  350.00
 start for rank           1
  100.00  100.00  100.00  100.00  100.00  100.00
    4.00   16.00   28.00   40.00   52.00   64.00
    6.00   18.00   30.00   42.00   54.00   66.00
    8.00   20.00   32.00   44.00   56.00   68.00
   10.00   22.00   34.00   46.00   58.00   70.00
   12.00   24.00   36.00   48.00   60.00   72.00
 start for rank           2
  100.00  100.00  100.00  100.00  100.00  350.00
    6.00   24.00   42.00   60.00   78.00  350.00
    9.00   27.00   45.00   63.00   81.00  350.00
   12.00   30.00   48.00   66.00   84.00  350.00
   15.00   33.00   51.00   69.00   87.00  350.00
   10.00   36.00   54.00   72.00   90.00  350.00
 start for rank           3
  350.00   28.00   52.00   76.00  100.00  124.00
  350.00   32.00   56.00   80.00  104.00  128.00
  350.00   36.00   60.00   84.00  108.00  132.00
  350.00   40.00   64.00   88.00  112.00  136.00
  350.00   44.00   68.00   92.00  116.00  140.00
  350.00  400.00  400.00  400.00  400.00  400.00
 start for rank           4
    5.00   35.00   65.00   95.00  125.00  155.00
   10.00   40.00   70.00  100.00  130.00  160.00
   15.00   45.00   75.00  105.00  135.00  165.00
   20.00   50.00   80.00  110.00  140.00  170.00
   25.00   55.00   85.00  115.00  145.00  175.00
  400.00  400.00  400.00  400.00  400.00  400.00
 after for rank 0
  350.00  100.00  100.00  100.00  100.00  100.00
    4.00    8.00   14.00   20.00   26.00   32.00
    6.00    9.00   15.00   21.00   27.00   33.00
    8.00   10.00   16.00   22.00   28.00   34.00
   10.00   11.00   17.00   23.00   29.00   35.00
   10.00   12.00   18.00   24.00   30.00   36.00
 after for rank           5
    6.00   42.00   78.00  114.00  150.00  350.00
   12.00   48.00   84.00  120.00  156.00  350.00
   18.00   54.00   90.00  126.00  162.00  350.00
   24.00   60.00   96.00  132.00  168.00  350.00
   30.00   66.00  102.00  138.00  174.00  350.00
  400.00  400.00  400.00  400.00  400.00  350.00
 after for rank           3
   10.00   28.00   52.00   76.00  100.00  124.00
   10.00   32.00   56.00   80.00  104.00  128.00
   15.00   36.00   60.00   84.00  108.00  132.00
   20.00   40.00   64.00   88.00  112.00  136.00
   25.00   44.00   68.00   92.00  116.00  140.00
  350.00  400.00  400.00  400.00  400.00  400.00
 after for rank           5
   15.00   42.00   78.00  114.00  150.00  350.00
   10.00   48.00   84.00  120.00  156.00  350.00
   15.00   54.00   90.00  126.00  162.00  350.00
   20.00   60.00   96.00  132.00  168.00  350.00
   25.00   66.00  102.00  138.00  174.00  350.00
  400.00  400.00  400.00  400.00  400.00  350.00
 after for rank           4
   10.00   35.00   65.00   95.00  125.00  155.00
   10.00   40.00   70.00  100.00  130.00  160.00
   15.00   45.00   75.00  105.00  135.00  165.00
   20.00   50.00   80.00  110.00  140.00  170.00
   25.00   55.00   85.00  115.00  145.00  175.00
  400.00  400.00  400.00  400.00  400.00  400.00
 after for rank           1
  100.00  100.00  100.00  100.00  100.00  100.00
    4.00   16.00   28.00   40.00   52.00   64.00
    6.00   18.00   30.00   42.00   54.00   66.00
    8.00   20.00   32.00   44.00   56.00   68.00
   10.00   22.00   34.00   46.00   58.00   70.00
   10.00   24.00   36.00   48.00   60.00   72.00
 Ranks 0 and 1 check columns 
 350.0 100.0 100.0 100.0 100.0 100.0| 100.0 100.0 100.0 100.0 100.0 100.0
   4.0   8.0  14.0  20.0  26.0  32.0|   4.0  16.0  28.0  40.0  52.0  64.0
   6.0   9.0  15.0  21.0  27.0  33.0|   6.0  18.0  30.0  42.0  54.0  66.0
   8.0  10.0  16.0  22.0  28.0  34.0|   8.0  20.0  32.0  44.0  56.0  68.0
  10.0  11.0  17.0  23.0  29.0  35.0|  10.0  22.0  34.0  46.0  58.0  70.0
  10.0  12.0  18.0  24.0  30.0  36.0|  10.0  24.0  36.0  48.0  60.0  72.0

 Ranks 0 and 3 check rows
 350.0 100.0 100.0 100.0 100.0 100.0
   4.0   8.0  14.0  20.0  26.0  32.0
   6.0   9.0  15.0  21.0  27.0  33.0
   8.0  10.0  16.0  22.0  28.0  34.0
  10.0  11.0  17.0  23.0  29.0  35.0
  10.0  12.0  18.0  24.0  30.0  36.0
 --------------------------------------------------
  10.0  28.0  52.0  76.0 100.0 124.0
  10.0  32.0  56.0  80.0 104.0 128.0
  15.0  36.0  60.0  84.0 108.0 132.0
  20.0  40.0  64.0  88.0 112.0 136.0
  25.0  44.0  68.0  92.0 116.0 140.0
 350.0 400.0 400.0 400.0 400.0 400.0
